 0.798629 -0.005049
 1.049627 -0.364971
 0.613046 -0.600342
 0.914256 -0.057392
 0.741052 -0.681889
 0.794192 -0.318687
 -5.478268 7.096820
 -0.769454 0.516192
 0.705828 -0.344163
 -1.078797 0.379264
 -0.970541 0.437499
 -0.916272 0.179752
 0.814073 -0.424488
 -1.040107 0.166132
 0.938986 -0.844516
 -0.939564 0.076300
 -0.951174 0.195867
 1.243982 -0.054502
 0.879464 -0.028909
 -1.103914 0.043865
 -0.729818 0.124915
 0.760347 0.590830
 0.764705 -0.304403
 -0.889519 -0.156687
 1.341628 -0.436770
 1.510758 0.182333
 -0.657787 0.222688
 -0.812122 0.594267
 -0.464225 0.515350
 -1.030006 0.060311
 -1.005637 0.586950
 -1.031833 -0.212850
 -0.722950 -0.183579
 1.051212 0.319658
 -2.576435 -0.335084
 -0.651208 0.051625
 0.851769 0.300390
 0.686680 0.054437
 -1.046242 -0.489990
 -2.199967 1.951608
 0.692298 0.026492
 -1.261219 -0.050900
 -1.413483 0.280911
 -1.528035 -0.333481
 -0.844013 0.417057
 -0.591317 -0.019958
 0.802814 0.373779
 -0.827238 -0.384862

 0.905078 0.189913
 1.022706 0.664790
 0.702226 -0.207478
 1.141122 0.875969
 0.759788 0.005045
 0.919817 0.337586
 -1.194423 -1.909476
 -1.452851 0.006756
 0.797500 0.100752
 -1.061033 -0.126257
 -1.446324 -0.302138
 -1.216520 -0.433332
 1.027130 0.003997
 -0.710540 -0.657602
 0.876832 -0.691201
 -0.884580 -0.167256
 -0.809664 -0.411657
 0.804798 0.251106
 0.684188 -0.156853
 -1.014601 -0.494754
 -0.720544 -0.073381
 -0.381043 0.777694
 0.633603 -0.017880
 -0.873229 -0.446487
 1.116097 0.074639
 0.976834 0.494803
 -1.024791 0.059448
 -0.791409 0.261851
 -1.670915 0.557545
 -1.197612 -0.144218
 -1.130932 0.787881
 -1.108638 -0.408016
 -0.645516 -0.130901
 1.261252 0.651629
 -4.781653 -0.276103
 -0.499961 -0.183906
 1.039865 0.250742
 0.725163 0.223705
 -0.920384 -0.751883
 -1.833052 0.297876
 0.595257 0.034984
 -0.869053 -0.139097
 -1.914685 -0.584042
 -1.171166 -0.157419
 -1.998996 -0.032680
 -1.092953 -0.335517
 0.626348 0.306934
 -1.064686 -0.393105

 0.872540 0.212673
 0.749037 0.046349
 1.144260 -0.156457
 0.692321 0.640201
 1.158582 0.271523
 0.778140 0.167040
 0.919569 0.828093
 -1.041608 0.078154
 0.752683 0.012059
 -1.406015 -0.253301
 -1.247082 -0.025665
 -1.026433 -0.180748
 0.974528 -0.122939
 -1.125039 -0.097182
 1.051363 -0.555357
 -0.888070 -0.159045
 -0.986403 -0.074419
 1.064448 0.123283
 0.786214 -0.100036
 -1.086403 -0.277216
 -0.744153 -0.040108
 0.120317 0.395674
 0.864081 -0.173595
 -0.946589 -0.263748
 1.149332 0.045927
 0.974653 0.032543
 -0.804863 0.250281
 -1.009518 0.331957
 -1.120973 0.499659
 -0.752932 -0.042402
 -1.824081 0.345903
 -0.827172 -0.529961
 -0.858626 0.011878
 1.140564 0.308812
 -3.045910 -3.302864
 -0.374345 -0.066806
 0.830452 0.120250
 0.807160 0.013749
 -0.905268 -0.624536
 -0.904873 1.196212
 0.841576 -0.098499
 -1.155596 -0.175476
 -1.167673 -0.006931
 -0.809261 0.107816
 -0.930830 0.502133
 -0.072009 2.620271
 0.477098 0.104004
 -1.204952 -0.227123

 1.027323 0.038143
 0.949726 -0.047705
 1.111559 -0.018434
 0.795104 -0.060944
 1.019418 -0.132186
 1.015568 0.032807
 0.867548 0.056093
 -1.012204 0.110253
 -1.003258 -0.027344
 -0.946157 -0.028818
 -0.943161 -0.024090
 -0.937969 0.026036
 1.127701 -0.007762
 0.928340 0.001038
 1.062130 0.118483
 -1.053915 0.102573
 0.798835 -0.055946
 0.951935 -0.117785
 0.904637 -0.088228
 0.993773 -0.164892
 -0.941954 -0.050509
 1.100102 0.044099
 0.968770 -0.007121
 -0.940814 0.053074
 0.944764 0.079375
 1.051771 0.065466
 1.116456 -0.192461
 -0.987534 -0.051031
 0.902628 0.004992
 -0.874645 0.003336
 -0.954244 -0.058709
 -1.079200 0.074983
 0.980796 -0.068169
 1.029171 -0.011758
 -1.023443 0.151150
 1.061970 -0.111786
 0.911396 -0.020269
 0.947816 0.064469
 -0.895619 0.208401
 -0.949304 0.076266
 0.971089 -0.097839
 -0.912425 0.179644
 -0.900171 0.151993
 1.093550 0.042894
 -1.004894 0.047077
 -1.186094 0.245401
 0.874758 -0.132490
 -1.110605 0.190357

 0.985212 -0.017570
 -0.986717 0.008501
 1.011887 -0.038705
 1.007471 -0.026369
 -0.998440 0.019579
 0.945937 0.009952
 -0.961992 -0.015235
 -0.997096 -0.020303
 -1.065218 -0.029383
 0.964144 -0.067587
 -0.973834 0.007150
 -1.006913 -0.026440
 -1.018789 -0.001415
 1.009623 -0.017742
 1.028501 -0.011389
 -1.046618 0.040831
 0.951276 -0.022586
 0.995840 0.014887
 -1.010729 0.003061
 1.013836 -0.064082
 -0.997998 -0.007746
 1.026900 0.013807
 1.038047 -0.015649
 -0.991476 0.031091
 0.926096 -0.049363
 1.008917 -0.037489
 1.027492 -0.035764
 -0.972145 0.019489
 1.026185 -0.027354
 -1.004392 0.042796
 0.972465 -0.044662
 -0.997544 0.067130
 1.013545 -0.020514
 -1.017208 0.029512
 -1.001830 0.004562
 0.965132 -0.003841
 -1.000565 0.037409
 0.984926 -0.078309
 -1.027542 0.002835
 -1.026025 0.058835
 1.023528 -0.019065
 -0.967045 0.064344
 -0.968845 -0.007125
 0.957164 -0.083319
 -1.008972 0.011688
 0.971124 -0.068167
 1.017443 0.002905
 -1.011630 -0.055473

